A = [-1, 1/3, 1/3, 1/3, 0, 0, 0, 0;
     0, -1, 0, 0, 1/3, 1/3, 0, 0;
     0, 0, -1, 0, 1/3, 0, 1/3, 0;
     0, 0, 0, -1. 0, 1/3, 1/3, 0;
     0, 1/3, 1/3, 0, -1, 0, 0, 1/3;
     0, 1/3, 0, 1/3, 0, -1, 0, 1/3;
     0, 0, 1/3, 1/3, 0, 0, -1, 1/3;
     0, 0, 0, 0, 1/3, 1/3, 1/3, -1]

b = [-1; -1; -1; -1; -1; -1; -1; -1]

rref([A, b])
