A =

  -1.00000   0.33333   0.33333   0.33333   0.00000   0.00000   0.00000   0.00000
   0.00000  -1.00000   0.00000   0.00000   0.33333   0.33333   0.00000   0.00000
   0.00000   0.00000  -1.00000   0.00000   0.33333   0.00000   0.33333   0.00000
   0.00000   0.00000   0.00000  -1.00000   0.00000   0.33333   0.33333   0.00000
   0.00000   0.33333   0.33333   0.00000  -1.00000   0.00000   0.00000   0.33333
   0.00000   0.33333   0.00000   0.33333   0.00000  -1.00000   0.00000   0.33333
   0.00000   0.00000   0.33333   0.33333   0.00000   0.00000  -1.00000   0.33333
   0.00000   0.00000   0.00000   0.00000   0.33333   0.33333   0.33333  -1.00000

b =

  -1
  -1
  -1
  -1
  -1
  -1
  -1
  -1

ans =

 Columns 1 through 7:

    1.00000    0.00000    0.00000    0.00000    0.00000    0.00000    0.00000
    0.00000    1.00000   -0.00000   -0.00000    0.00000    0.00000    0.00000
    0.00000    0.00000    1.00000   -0.00000    0.00000    0.00000    0.00000
    0.00000    0.00000    0.00000    1.00000   -0.00000    0.00000    0.00000
    0.00000    0.00000    0.00000    0.00000    1.00000    0.00000    0.00000
    0.00000    0.00000    0.00000    0.00000    0.00000    1.00000    0.00000
    0.00000    0.00000    0.00000    0.00000    0.00000    0.00000    1.00000
    0.00000    0.00000    0.00000    0.00000    0.00000    0.00000    0.00000

 Columns 8 and 9:

    0.00000    8.00000
    0.00000    7.00000
    0.00000    7.00000
    0.00000    7.00000
    0.00000    9.00000
    0.00000    9.00000
    0.00000    9.00000
    1.00000   10.00000
